HE H21E;HE;0;5.600;160;S1;0.248;69;0.636;60;0.152;87;0.104;93;0.558;105;0.137;79;0.748;98;0.143;88;0.178;89;0.217;41;0.289;122;0.173;37;0.202;94;0.283;73;0.372;63;0.195;104;0.212;44;0.326;34;0.312;99;0.100;F1
D10 D-10;H10_D10;0;2.000;20;S2;0.189;81;0.132;33;0.276;52;0.267;48;0.171;121;0.264;78;0.278;83;0.197;68;0.109;99;0.100;F1
D12 D-12;D12;0;2.500;45;S2;0.282;33;0.276;52;0.218;82;0.241;121;0.264;78;0.436;109;0.168;110;0.190;83;0.197;68;0.109;99;0.100;F1
D14 D-14;D14;0;3.500;35;S1;0.176;77;0.166;86;0.520;66;0.148;97;0.401;76;0.195;124;0.134;96;0.382;62;0.368;64;0.159;61;0.335;110;0.218;47;0.183;99;0.100;F1
D16 D-16E;D16;0;3.800;65;S1;0.332;86;0.437;56;0.437;105;0.092;39;0.552;115;0.240;96;0.382;62;0.171;43;0.206;46;0.136;58;0.101;118;0.259;34;0.312;99;0.100;F1
D18 D-18E;D20_D18;0;4.100;75;S1;0.171;70;0.557;93;0.127;40;0.160;114;0.359;105;0.137;79;0.466;41;0.241;42;0.148;113;0.242;103;0.145;53;0.216;63;0.135;43;0.224;44;0.326;34;0.312;99;0.100;F1
D20 D-20E;D20_D18;0;4.100;75;S1;0.171;70;0.557;93;0.127;40;0.160;114;0.359;105;0.137;79;0.466;41;0.241;42;0.148;113;0.242;103;0.145;53;0.216;63;0.135;43;0.224;44;0.326;34;0.312;99;0.100;F1
H10 H-10;H10_D10;0;2.000;20;S2;0.189;81;0.132;33;0.276;52;0.267;48;0.171;121;0.264;78;0.278;83;0.197;68;0.109;99;0.100;F1
H12 H-12;H12;0;2.800;60;S2;0.282;33;0.276;52;0.218;82;0.414;102;0.260;101;0.152;78;0.436;109;0.168;110;0.190;83;0.197;68;0.109;99;0.100;F1
H14 H-14;H14;0;3.800;35;S1;0.176;77;0.166;86;0.520;66;0.148;97;0.401;76;0.377;122;0.137;116;0.177;96;0.382;62;0.368;64;0.251;50;0.244;110;0.218;47;0.183;99;0.100;F1
H16 H-16E;H16;0;4.500;80;S1;0.332;86;0.437;56;0.437;105;0.092;39;0.552;115;0.256;122;0.245;96;0.382;62;0.171;43;0.250;64;0.281;44;0.179;45;0.216;118;0.259;34;0.312;99;0.100;F1
H18 H-18E;H20_H18;0;5.200;155;S1;0.171;70;0.677;40;0.083;87;0.104;93;0.629;100;0.121;79;0.748;98;0.143;88;0.178;89;0.217;41;0.241;42;0.148;113;0.242;103;0.312;63;0.195;104;0.212;44;0.326;34;0.312;99;0.100;F1
H20 H-20E;H20_H18;0;5.200;155;S1;0.171;70;0.677;40;0.083;87;0.104;93;0.629;100;0.121;79;0.748;98;0.143;88;0.178;89;0.217;41;0.241;42;0.148;113;0.242;103;0.312;63;0.195;104;0.212;44;0.326;34;0.312;99;0.100;F1
DE D21E;DE;0;4.700;95;S1;0.248;69;0.101;71;0.593;60;0.152;87;0.104;93;0.629;100;0.121;79;0.466;41;0.289;122;0.137;116;0.122;113;0.242;103;0.312;63;0.195;104;0.125;80;0.091;44;0.326;34;0.312;99;0.100;F1
DAK D21K;DAK;0;2.900;5;S1;0.255;54;0.186;88;0.178;89;0.131;90;0.234;122;0.236;94;0.338;103;0.258;112;0.223;95;0.159;80;0.132;119;0.261;108;0.230;99;0.100;F1
DAM;DAM;0;3.500;20;S1;0.117;75;0.130;91;0.630;40;0.072;60;0.134;114;0.359;105;0.092;39;0.500;103;0.066;51;0.218;123;0.082;63;0.337;46;0.166;36;0.271;108;0.230;99;0.100;F1
DAL D21L;DAL;0;4.000;80;S1;0.144;67;0.156;31;0.444;93;0.127;40;0.138;38;0.344;105;0.137;79;0.501;115;0.208;42;0.148;113;0.242;103;0.312;63;0.230;95;0.159;80;0.258;117;0.145;47;0.183;99;0.100;F1
DB D-Hobby;DB_D15-18;0;2.500;65;S2;0.103;37;0.137;116;0.153;42;0.158;124;0.252;120;0.160;62;0.368;64;0.251;50;0.303;36;0.314;47;0.183;99;0.100;F1
HAK H21K;HAK;0;3.400;15;S1;0.176;72;0.110;69;0.521;35;0.159;38;0.411;100;0.121;79;0.489;73;0.107;51;0.223;112;0.136;43;0.206;46;0.166;36;0.271;108;0.230;99;0.100;F1
HAM;HAM;0;4.100;80;S1;0.093;74;0.196;31;0.444;93;0.127;40;0.160;114;0.431;100;0.121;79;0.501;115;0.208;42;0.184;84;0.236;103;0.145;53;0.164;112;0.223;95;0.180;50;0.317;108;0.230;99;0.100;F1
HAL H21L;HAL;0;4.700;145;S1;0.289;31;0.410;32;0.161;87;0.105;35;0.562;100;0.121;79;0.748;98;0.143;88;0.178;89;0.131;90;0.192;42;0.148;113;0.179;73;0.319;112;0.233;104;0.125;80;0.258;117;0.145;47;0.183;99;0.100;F1
HB H-Hobby;HB_H15-18;0;2.800;80;S2;0.103;37;0.137;116;0.137;122;0.201;124;0.252;120;0.098;53;0.183;65;0.323;64;0.251;50;0.341;58;0.101;118;0.360;47;0.183;99;0.100;F1
D35 D35-;D35;0;4.100;60;S1;0.144;67;0.624;35;0.124;60;0.134;114;0.431;100;0.121;79;0.501;115;0.208;42;0.184;84;0.236;103;0.258;112;0.136;43;0.185;80;0.132;119;0.290;92;0.289;99;0.100;F1
D40 D40-;D40;0;4.100;50;S1;0.144;67;0.582;93;0.190;60;0.134;114;0.359;105;0.092;39;0.552;115;0.208;42;0.148;113;0.384;53;0.216;63;0.337;46;0.166;36;0.271;108;0.230;99;0.100;F1
D45 D45-;D45;0;3.800;65;S1;0.214;91;0.140;85;0.540;60;0.079;38;0.433;39;0.552;115;0.215;73;0.107;51;0.157;53;0.216;63;0.230;95;0.114;46;0.166;36;0.271;108;0.230;99;0.100;F1
D50 D50-;D50;0;3.600;45;S1;0.176;72;0.110;69;0.096;85;0.425;35;0.159;38;0.433;39;0.552;115;0.251;103;0.244;123;0.082;63;0.230;95;0.157;44;0.270;106;0.099;107;0.217;99;0.100;F1
D55 D55-;D55;0;3.500;30;S1;0.117;75;0.145;69;0.484;56;0.146;38;0.433;39;0.371;53;0.134;123;0.170;43;0.233;50;0.092;61;0.260;45;0.162;58;0.133;36;0.302;107;0.217;99;0.100;F1
D60 D60-;D60;0;3.300;5;S1;0.255;54;0.186;88;0.178;89;0.131;90;0.103;115;0.256;122;0.173;37;0.202;94;0.338;103;0.306;65;0.294;95;0.159;80;0.091;44;0.302;108;0.230;99;0.100;F1
D65 D65-;D65;0;2.700;40;S2;0.196;57;0.375;73;0.107;51;0.157;53;0.183;65;0.202;43;0.233;50;0.092;61;0.260;45;0.216;118;0.248;106;0.193;68;0.109;99;0.100;F1
D70 D70-;D70;0;2.200;30;S2;0.128;49;0.121;94;0.283;73;0.107;51;0.157;53;0.183;65;0.202;43;0.206;46;0.175;118;0.287;92;0.189;68;0.109;99;0.100;F1
D75;D75;0;2.100;15;S2;0.128;49;0.121;94;0.283;73;0.107;51;0.157;53;0.183;65;0.202;43;0.233;50;0.072;119;0.228;106;0.193;68;0.109;99;0.100;F1
H35 H35-;H35;0;4.400;105;S1;0.093;74;0.122;91;0.488;32;0.161;87;0.105;35;0.562;100;0.121;79;0.572;90;0.192;42;0.244;94;0.283;73;0.372;63;0.230;95;0.159;80;0.091;44;0.201;117;0.145;47;0.183;99;0.100;F1
H40 H40-;H40;0;4.400;95;S1;0.289;31;0.410;32;0.122;93;0.127;40;0.482;105;0.092;39;0.619;90;0.234;122;0.080;57;0.107;116;0.297;73;0.306;123;0.253;95;0.159;80;0.132;119;0.290;92;0.289;99;0.100;F1
H45 H45-;H45;0;4.700;80;S1;0.344;85;0.388;93;0.127;40;0.160;114;0.431;100;0.121;79;0.572;90;0.192;42;0.153;116;0.122;113;0.271;51;0.274;63;0.135;43;0.233;50;0.092;61;0.260;45;0.403;92;0.289;99;0.100;F1
H50 H50-;H50;0;4.400;70;S1;0.344;85;0.425;35;0.124;60;0.134;114;0.359;105;0.137;79;0.572;90;0.234;122;0.137;116;0.122;113;0.384;53;0.164;112;0.223;95;0.203;61;0.163;119;0.290;92;0.289;99;0.100;F1
H55 H55-;H55;0;4.100;45;S1;0.312;71;0.488;35;0.159;38;0.411;100;0.121;79;0.501;115;0.208;42;0.184;84;0.236;103;0.306;65;0.202;43;0.259;119;0.290;92;0.289;99;0.100;F1
H60 H60-;H60;0;4.100;40;S1;0.312;71;0.488;35;0.124;60;0.508;39;0.552;115;0.256;122;0.137;116;0.359;103;0.258;112;0.223;95;0.159;80;0.132;119;0.287;107;0.217;99;0.100;F1
H65 H65-;H65;0;3.700;65;S1;0.214;91;0.140;85;0.425;35;0.159;38;0.411;100;0.121;79;0.501;115;0.110;124;0.207;103;0.244;123;0.253;95;0.159;80;0.132;119;0.287;107;0.217;99;0.100;F1
H70 H70-;H70;0;3.500;15;S1;0.255;54;0.507;56;0.146;38;0.344;105;0.092;39;0.548;73;0.107;51;0.218;123;0.082;63;0.337;46;0.136;58;0.133;36;0.302;107;0.217;99;0.100;F1
H75 H75-;H75;0;2.600;50;S2;0.196;57;0.375;73;0.107;51;0.157;53;0.183;65;0.202;43;0.185;80;0.091;44;0.179;45;0.162;58;0.133;36;0.203;106;0.278;99;0.100;F1
H80;H80;0;2.300;35;S2;0.128;49;0.121;94;0.338;103;0.066;51;0.157;53;0.183;65;0.202;43;0.163;45;0.162;58;0.101;118;0.248;106;0.099;107;0.217;99;0.100;F1
OK;OK;0;2.600;40;S2;0.131;55;0.299;52;0.218;82;0.241;121;0.212;102;0.260;101;0.152;78;0.436;109;0.168;110;0.288;68;0.109;99;0.100;F1
OM;OM;0;2.800;85;S2;0.131;55;0.168;122;0.201;124;0.195;76;0.342;62;0.101;65;0.323;64;0.251;50;0.213;45;0.162;58;0.222;110;0.288;68;0.109;99;0.100;F1
OL;OL;0;3.800;135;S2;0.131;55;0.097;57;0.330;115;0.519;66;0.300;100;0.523;120;0.071;51;0.218;123;0.343;64;0.190;80;0.214;45;0.162;58;0.332;106;0.278;99;0.100;F1
D15-18;DB_D15-18;0;2.500;65;S2;0.103;37;0.137;116;0.153;42;0.158;124;0.252;120;0.160;62;0.368;64;0.251;50;0.303;36;0.314;47;0.183;99;0.100;F1
H15-18;HB_H15-18;0;2.800;80;S2;0.103;37;0.137;116;0.137;122;0.201;124;0.252;120;0.098;53;0.183;65;0.323;64;0.251;50;0.341;58;0.101;118;0.360;47;0.183;99;0.100;F1
O Neulinge;Neulinge;0;2.300;35;S2;0.131;55;0.158;33;0.276;52;0.218;82;0.241;121;0.212;102;0.260;101;0.152;78;0.278;83;0.197;68;0.109;99;0.100;F1
